8
256
32
24
1280
14336
128
128
256
768
5376
1536
1920
6144
256
4096
8640
960
1920
17920
1024
3456
12288
1920
3840
32768
96
11520
18432
1280
3840
49152
1536
24
1280
67584
1024
98304
15360
61440
5760
9216
16128
14336
71680
19200
12288
184320
27648
3840
96
15360
16384
163840
10240
46080
35840
38400
36864
12288
4096
11648
55296
25920
77760
1280
43008
512
5760
10368
92160
28672
896
65536
65536
48
256
663552
110592
13824
122880
320
768
245760
4608
30720
192
73728
491520
245760
53760
76800
92160
131072
138240
456192
9216
230400
192
896
32
1024
768
240
2688
3072
3072
6144
18432
46080
192
23040
768
5120
34560
1728
12800
25600
115200
15360
576
90112
25600
46080
6144
1536
2304
2304
160
24576
360448
36864
768
25600
12672
20480
720896
98304
337920
61440
77760
172032
122880
460800
163840
82944
1179648
147456
46080
3072
153600
96768
1013760
107520
9216
7168
327680
4608
56320
512
86016
9216
5184
15552
12288
5376
5376
61440
1728
737280
245760
17920
387072
12288
1536
8192
3981312
589824
2304
32768
7680
11520
1843200
110592
286720
3072
368640
2949120
1277952
10752
655360
479232
774144
27648
2064384
110592
1198080
6144
21504
4
96
5120
57344
512
512
1024
3072
21504
6144
7680
24576
1024
16384
34560
3840
7680
71680
4096
13824
49152
7680
15360
131072
384
46080
73728
5120
15360
196608
6144
96
5120
270336
4096
393216
61440
245760
23040
36864
64512
57344
286720
76800
49152
737280
110592
15360
384
61440
65536
655360
40960
184320
143360
153600
147456
49152
16384
46592
221184
103680
311040
5120
172032
2048
23040
41472
368640
114688
3584
262144
262144
192
1024
2654208
442368
55296
491520
1280
3072
983040
18432
122880
768
294912
1966080
983040
215040
307200
368640
524288
552960
1824768
36864
921600
768
3584
4
3200
35840
24
24
48
160
1120
4608
384
18432
48
896
20736
192
384
3584
192
9216
2304
384
768
81920
288
27648
55296
3840
720
10752
320
64
256
168960
192
21504
2880
12288
1152
2048
3456
3136
14336
3840
2688
38400
5184
768
256
3072
3584
32768
2048
110592
86016
7680
110592
2304
12288
2496
165888
62208
186624
240
129024
1536
1152
27648
18432
6272
2048
14336
163840
8
640
138240
20736
36864
294912
64
2048
49152
1024
6144
576
13824
102400
46080
129024
15360
17280
28672
331776
95040
1920
46080
512
192
12
192
11520
11520
23040
61440
135168
1344
75264
5376
18432
103680
192
43008
86016
354816
55296
2688
294912
86016
150528
480
7168
8064
16128
1152
82944
983040
122880
3200
86016
2304
73728
1966080
331776
1032192
200704
228096
516096
337920
1419264
516096
241920
3538944
479232
150528
12800
516096
276480
3096576
344064
31104
512
1032192
32256
184320
3456
235008
64512
768
2304
41472
36864
24576
200704
8064
2293760
675840
55296
1105920
960
6400
30720
11796480
1916928
10752
2560
26880
46080
5734400
337920
917504
14336
1179648
8847360
4128768
36864
2064384
1548288
2211840
92160
5898240
344064
3612672
25600
69120
24
129024
129024
258048
688128
1277952
13824
774144
55296
196608
1105920
1536
458752
917504
3354624
589824
15552
2752512
917504
1548288
64
55296
46656
165888
9216
811008
5734400
1376256
35840
688128
336
786432
11468800
3244032
9633792
2064384
2433024
5308416
3194880
13418496
5046272
2488320
34603008
3317760
1548288
143360
4128768
2764800
28901376
3440640
171072
96
10092544
331776
1720320
25344
2101248
663552
6144
13824
304128
368640
184320
1548288
41472
22020096
6389760
589824
8294400
128
71680
344064
113246208
13271040
62208
512
301056
491520
55050240
2838528
9175040
110592
7962624
86507520
28311552
184320
20185088
9437184
16588800
497664
35651584
3538944
22020096
286720
774144
8
128
256
64
5376
18432
1920
73728
256
3072
72576
960
1920
17920
1024
30720
12288
1920
3840
294912
1536
86016
221184
15360
3840
49152
128
320
1280
608256
1024
98304
15360
61440
5760
6912
16128
14336
71680
19200
9216
184320
27648
3840
1280
15360
12288
163840
10240
344064
301056
38400
442368
12288
49152
11648
663552
217728
653184
1280
516096
8192
5760
92160
92160
28672
9216
49152
589824
48
3072
663552
110592
122880
1032192
320
10240
245760
448
30720
3072
73728
491520
245760
376320
76800
92160
98304
967680
456192
9216
230400
2560
896
8
16
768
448
18432
144
73728
256
384
64512
72
144
1344
1024
34560
12288
144
288
294912
1536
96768
221184
15360
2560
4608
1536
320
1280
540672
1024
9216
10240
4608
432
896
1440
1344
5376
1440
1152
15360
18432
288
1280
1152
1536
12288
768
387072
301056
2880
442368
8192
49152
1040
663552
193536
580608
1280
516096
6144
432
103680
6912
2688
9216
6144
589824
48
3072
55296
73728
138240
1032192
24
10240
18432
4608
2304
3072
49152
40960
163840
376320
5760
61440
12288
1161216
304128
768
153600
2560
80
2
1536
84
36864
24
147456
512
80
129024
144
288
224
2048
69120
24576
288
48
589824
3072
193536
442368
30720
5120
1280
3072
640
2560
1081344
2048
2560
20480
768
864
192
2880
280
896
2880
240
30720
36864
48
2560
2304
320
2048
128
774144
602112
5760
884736
16384
98304
208
1327104
387072
1161216
2560
1032192
12288
864
207360
13824
560
18432
1280
1179648
96
6144
110592
147456
276480
2064384
48
20480
36864
9216
4608
6144
98304
81920
327680
752640
11520
122880
2560
2322432
608256
144
307200
5120
160
12
28672
110592
10752
331776
1152
15360
373248
5376
10752
100352
4608
172032
55296
10752
21504
1572864
9216
442368
884736
92160
17280
245760
24
1792
5376
3244032
4608
491520
69120
344064
32256
33792
82944
71680
301056
107520
46080
737280
124416
21504
7168
86016
61440
688128
57344
1769472
1548288
215040
1769472
55296
294912
59904
2654208
1119744
3359232
5760
2064384
49152
32256
516096
387072
143360
45056
245760
3145728
320
16384
2359296
497664
516096
5308416
1792
57344
1032192
96
172032
18432
331776
1966080
1105920
1935360
430080
414720
491520
4976640
1824768
49152
967680
14336
4608
42
221184
288
884736
6144
896
552960
1920
3840
1664
24576
387072
129024
3840
576
2752512
27648
995328
2654208
202752
33792
640
57344
12544
28672
4456448
24576
1280
135168
5376
8640
2048
24192
140
6656
21120
2016
202752
184320
576
50176
30720
2240
14336
1280
3483648
2875392
42240
5308416
86016
516096
104
7962624
1658880
4976640
16896
5750784
92160
8640
1161216
92160
280
180224
8960
5505024
2240
114688
663552
737280
1548288
9289728
1120
229376
245760
157696
38400
55296
442368
540672
1572864
3594240
84480
589824
17920
9953280
2506752
1440
1376256
100352
3136
12
122880
48
28672
193536
8448
71680
143360
552960
86016
3072
425984
143360
245760
30720
8192
12288
144
896
122880
1703936
221184
4608
143360
59904
114688
3407872
491520
1597440
327680
435456
917504
589824
2211840
614400
442368
4423680
688128
245760
18432
860160
497664
4792320
552960
46080
36864
1228800
288
266240
2560
387072
576
25344
76032
61440
384
27648
327680
9216
2703360
1179648
100352
1990656
61440
9216
49152
14598144
2752512
12288
163840
46080
64512
6758400
663552
1474560
16384
1671168
11059200
5898240
55296
2457600
2211840
3981312
135168
9437184
589824
5529600
36864
129024
12
491520
2560
384
360448
768
1536
112
10240
221184
76800
1536
24
1720320
12800
589824
1474560
107520
17920
3840
21504
4608
12288
2981888
10240
7680
71680
384
3840
896
11520
864
448
10752
960
107520
112640
24
18432
12288
1152
1024
64
2211840
1769472
21504
2949120
51200
307200
600
4423680
1081344
3244032
8960
3317760
46080
3840
663552
49152
1728
81920
4608
3440640
768
43008
368640
450560
884736
5898240
384
98304
131072
61440
18432
25600
286720
286720
983040
2211840
43008
368640
9216
6488064
1677312
72
884736
36864
1152
4
86016
774144
33792
286720
573440
2211840
258048
12288
1277952
573440
983040
122880
32768
49152
12
3584
368640
6815744
663552
18432
430080
239616
344064
13631488
1474560
6389760
1310720
1741824
3670016
2359296
6635520
2457600
1769472
13271040
2064384
983040
73728
3440640
1990656
14376960
2211840
184320
147456
4915200
24
798720
10240
1548288
48
101376
304128
184320
48
110592
1310720
36864
8110080
4718592
401408
7962624
245760
36864
196608
38928384
8257536
36864
655360
184320
258048
20275200
1990656
5898240
65536
5013504
33177600
17694720
221184
9830400
6635520
15925248
540672
28311552
2359296
16588800
147456
516096
16
6144
107520
1440
2880
20480
64
53760
768
2880
5120
442368
2048
150528
229376
24576
240
55296
2304
640
96
884736
64
110592
960
69120
7680
13824
21504
16384
61440
23040
16384
165888
1728
5120
2560
23040
20480
138240
12800
580608
458752
46080
458752
768
73728
12544
688128
322560
967680
1152
524288
10240
7680
161280
80640
32768
13824
81920
884736
96
6144
516096
6912
161280
1548288
640
15360
215040
6912
38400
4096
4608
442368
15360
688128
92160
5760
163840
1720320
38016
12288
17280
5120
1792
40
506880
2016
4032
2304
18432
290304
147456
4032
768
2488320
32768
709632
2322432
165888
36864
10368
30720
9216
27648
3686400
24576
20736
147456
6912
10752
96
27648
2304
9216
32256
120
221184
245760
768
36864
24192
160
20736
1920
2433024
2433024
64512
4644864
92160
497664
1792
6967296
1351680
4055040
18432
5308416
122880
10752
870912
150528
4608
159744
640
4976640
1792
81920
774144
983040
1161216
8211456
896
165888
401408
79872
53760
65536
638976
589824
2162688
2534400
129024
811008
1280
6758400
2949120
1792
1824768
73728
2304
40
204800
409600
1474560
322560
15840
1376256
409600
720896
3456
42240
44352
101376
7680
349440
3604480
746496
20736
491520
10368
430080
7208960
1397760
4194304
901120
1105920
2252800
1351680
5898240
2129920
1115136
14376960
1827840
720896
82944
2457600
1216512
12582912
1572864
157248
3840
4259840
202752
716800
19968
860160
405504
160
640
209664
221184
122880
901120
47520
9175040
2703360
307200
3649536
6912
41472
193536
46448640
7311360
63360
17280
147456
276480
22020096
1990656
3932160
84480
4300800
34504704
15482880
161280
8519680
5806080
7299072
451584
21012480
1622016
13271040
165888
368640
16
32
6144
5760
129024
51840
32
1536
1032192
7680
344064
860160
61440
9600
16128
10752
2304
6912
1720320
5760
32256
38400
20736
96
4608
384
5376
24576
320
5376
3840
64000
1536
6912
256
6720
55296
3840
1327104
1048576
640
1720320
28800
184320
4032
2580480
614400
1843200
5760
1966080
25600
96
387072
1536
10752
34560
26880
2064384
384
16128
13824
256000
516096
3538944
192
41472
4608
30720
512
15360
166400
11520
563200
1179648
1280
211200
53760
3932160
967680
3840
506880
13824
576
2
12288
11520
258048
103680
64
3072
2064384
15360
688128
1720320
122880
19200
32256
21504
4608
13824
3440640
11520
64512
76800
41472
8
9216
48
10752
49152
32
10752
512
128000
3072
13824
16
13440
110592
7680
2654208
2097152
64
3440640
57600
368640
8064
5160960
1228800
3686400
11520
3932160
51200
192
774144
160
21504
69120
53760
4128768
768
32256
1920
512000
1032192
7077888
384
82944
640
61440
48
30720
332800
2048
1126400
2359296
128
422400
107520
7864320
1935360
7680
1013760
27648
1152
20
61440
995328
286720
12288
224
7225344
92160
2654208
6635520
506880
84480
21504
200704
43008
98304
9748480
81920
43008
337920
72
27648
5376
82944
4992
80
67584
5184
506880
460800
224
172032
73728
5760
192
512
8257536
7667712
135168
13271040
179200
1290240
3040
19906560
3932160
11796480
42240
14376960
307200
27648
2985984
294912
9984
655360
23040
14450688
7168
401408
1658880
1843200
3981312
18579456
3584
589824
786432
573440
122880
184320
1105920
1351680
3932160
9584640
270336
1474560
46080
23592960
5849088
672
3538944
344064
10752
4
161280
84
11520
20480
1327104
8192
451584
688128
73728
720
221184
9216
2560
384
2211840
256
442368
2880
184320
30720
41472
86016
65536
184320
92160
49152
497664
5184
20480
10240
69120
61440
414720
51200
1548288
1376256
184320
1376256
1920
221184
50176
2064384
860160
2580480
3456
1572864
40960
30720
483840
322560
131072
55296
245760
2654208
384
24576
1548288
20736
483840
4644864
2560
46080
860160
27648
153600
16384
13824
1327104
46080
2064384
368640
17280
491520
4587520
101376
49152
51840
20480
7168
48
798720
258048
442368
34560
13824
192
36864
2016
230400
1797120
344064
9216
193536
67392
215040
3594240
921600
2875392
589824
645120
1572864
995328
3981312
1474560
663552
10321920
967680
442368
36864
1161216
746496
8626176
995328
1280
38880
2949120
73728
499200
5760
663552
147456
47520
106920
86400
82944
46656
442368
144
6488064
1990656
172032
2985984
69120
18432
92160
34062336
3870720
192
172800
82944
129024
16220160
737280
2654208
27648
2350080
25804800
8294400
1728
5898240
2764800
5971968
4608
11010048
1032192
6635520
73728
221184
28
103680
153600
5898240
61440
2236416
3407872
393216
4224
1105920
110592
30720
4608
7962624
3072
2211840
16896
768000
230400
331776
645120
344064
860160
552960
327680
2654208
23040
153600
122880
552960
360448
1843200
337920
6451200
6422528
1105920
6815744
8064
983040
215040
10223616
3440640
10321920
18432
7340032
270336
230400
2396160
1797120
688128
497664
1441792
11796480
4608
294912
7667712
92160
2396160
20643840
30720
368640
4792320
331776
1013760
122880
55296
7077888
196608
9633792
2211840
73728
2883584
18350080
391680
368640
221184
245760
86016
2
3072
2064384
15360
688128
1720320
122880
19200
32256
21504
4608
13824
3440640
11520
64512
76800
41472
192
9216
768
10752
49152
640
10752
7680
128000
3072
13824
512
13440
110592
7680
2654208
2097152
1280
3440640
57600
368640
8064
5160960
1228800
3686400
11520
3932160
51200
192
774144
3072
21504
69120
53760
4128768
768
32256
27648
512000
1032192
7077888
384
82944
9216
61440
1024
30720
332800
23040
1126400
2359296
2560
422400
107520
7864320
1935360
7680
1013760
27648
1152
2
3440640
25600
1179648
2949120
215040
35840
7680
43008
9216
24576
5963776
20480
15360
143360
768
7680
1792
23040
1728
896
21504
1920
215040
225280
48
36864
24576
2304
2048
128
4423680
3538944
43008
5898240
102400
614400
1200
8847360
2162688
6488064
17920
6635520
92160
7680
1327104
98304
3456
163840
9216
6881280
1536
86016
737280
901120
1769472
11796480
768
196608
262144
122880
36864
51200
573440
573440
1966080
4423680
86016
737280
18432
12976128
3354624
8
1769472
73728
2304
4
122880
103680
368640
20736
1769472
12288000
3145728
81920
1548288
768
1769472
24576000
7077888
20643840
4587520
5474304
11796480
6881280
28901376
11010048
5529600
75497472
7077888
3440640
327680
9289728
6082560
61931520
7569408
373248
256
22020096
737280
3686400
55296
4423680
1474560
13824
31104
663552
811008
405504
3440640
92160
47710208
13762560
1327104
18247680
8
163840
786432
245366784
28311552
138240
32
688128
1105920
119275520
6488064
20185088
245760
16809984
188743680
60162048
405504
44040192
20054016
36495360
1078272
75497472
7864320
46792704
655360
1769472
12
46080
98304
5376
21504
153600
18432
288
10240
239616
8192
307200
86016
307200
38400
73728
107520
73728
368640
107520
81920
1032192
101376
25600
1152
92160
98304
819200
61440
172800
138240
215040
196608
61440
15360
53760
294912
126720
380160
5376
221184
64
28800
41472
491520
147456
7168
393216
245760
576
3072
3538944
405504
55296
460800
3840
6144
1310720
41472
184320
24
258048
2752512
884736
184320
430080
294912
786432
506880
1437696
61440
737280
2304
10752
6
147456
8064
645120
4392960
884736
27648
516096
202176
602112
8785920
2580480
7667712
1572864
1548288
3932160
2433024
10616832
3932160
1622016
26542080
2709504
1179648
110592
3096576
1824768
23003136
2654208
72
108864
7864320
294912
1397760
23040
1658880
589824
133056
299376
241920
331776
155520
1179648
576
17301504
4866048
430080
7299072
207360
55296
258048
87588864
10838016
768
483840
221184
387072
43253760
1769472
7077888
92160
6580224
66355200
23224320
144
15728640
7741440
14598144
384
28311552
2654208
17694720
221184
552960
4
10752
983040
20447232
1769472
55296
1146880
718848
917504
40894464
3932160
19169280
3932160
5225472
11010048
7077888
17694720
7372800
5308416
35389440
5505024
2949120
221184
10321920
5971968
38338560
6635520
552960
442368
14745600
8
2129920
30720
4644864
16
304128
912384
491520
16
331776
3932160
110592
21626880
14155776
1204224
23887872
737280
110592
589824
97320960
22020096
98304
1966080
552960
774144
54067200
5308416
17694720
196608
13369344
88473600
47185920
663552
29491200
17694720
47775744
1622016
75497472
7077888
44236800
442368
1548288
8
110592
983040
184320
3840
122880
41472
98304
1966080
442368
1474560
286720
373248
802816
540672
2027520
737280
387072
5308416
479232
215040
15360
552960
442368
4423680
491520
31104
24576
1474560
21504
245760
40
365568
43008
23040
69120
41472
24576
18432
215040
6048
3276800
1081344
86016
1769472
41472
7680
40960
17694720
1916928
8064
110592
38400
55296
8192000
414720
1310720
10752
1179648
13271040
4128768
32768
2949120
1376256
3538944
92160
5898240
516096
3440640
30720
107520
24
245760
34560
9600
1440
2304000
960
491520
96
245760
44800
82944
125440
90112
253440
115200
86016
622080
192
35840
38400
115200
98304
552960
81920
2064384
1892352
230400
1966080
84
294912
60928
2949120
931840
2795520
7776
2162688
65536
44800
691200
384000
180224
165888
393216
3538944
1440
92160
1843200
768
691200
6193152
6400
138240
921600
103680
204800
43008
528
1492992
1728
2128896
460800
648
786432
5963776
6480
86016
2592
76800
17920
48
491520
110592
248832
18432000
221184
96
983040
69120
71680
23040
184320
1792
86016
172032
23040
1572864
819200
7680
442368
161280
25344
184320
16896
15206400
12615680
344064
40894464
614400
2457600
1344
61341696
10813440
32440320
92160
44040192
450560
44800
5391360
745472
3584
1437696
101376
24576000
21504
983040
5111808
3276800
7188480
40550400
10752
1990656
1863680
798720
315392
307200
1945600
3932160
6963200
11354112
688128
2088960
202752
43253760
8294400
17920
4700160
884736
27648
2
3584
10752
6488064
9216
983040
138240
688128
64512
67584
165888
143360
602112
215040
92160
1474560
248832
43008
14336
172032
122880
1376256
114688
3538944
3096576
430080
3538944
110592
589824
119808
5308416
2239488
6718464
11520
4128768
98304
64512
1032192
774144
286720
90112
491520
6291456
640
32768
4718592
995328
1032192
10616832
3584
114688
2064384
192
344064
36864
663552
3932160
2211840
3870720
860160
829440
983040
9953280
3649536
98304
1935360
28672
9216
4
3072
168960
2560
221184
38400
147456
13824
20480
36864
32256
172032
46080
27648
430080
69120
9216
16
36864
36864
393216
24576
110592
86016
92160
110592
30720
12288
26624
165888
62208
186624
3200
129024
1536
13824
27648
221184
64512
192
147456
163840
128
48
1548288
276480
36864
294912
768
128
589824
10240
73728
576
184320
1146880
614400
129024
184320
230400
294912
331776
1064448
21504
552960
32
2048
8
3096576
384
497664
5760
331776
36864
61440
98304
73728
294912
110592
73728
774144
10368
24576
12288
110592
92160
663552
61440
1990656
1572864
221184
2293760
4608
368640
57344
3440640
1474560
3317760
5760
2621440
51200
36864
516096
387072
147456
61440
368640
3096576
512
28672
2408448
41472
580608
5308416
3072
73728
1032192
30720
184320
20480
27648
2064384
92160
2359296
442368
34560
737280
5898240
190080
57344
92160
24576
8192
30
3538944
36864000
9216000
24772608
7454720
8110080
19169280
11141120
38993920
17203200
7987200
98304000
8755200
5963776
675840
12902400
8601600
82575360
12845056
583200
1344
34406400
1437696
3870720
103680
6782976
2875392
27648
62208
1036800
1548288
688128
5591040
179712
73400320
22282240
2654208
25804800
1536
337920
1622016
314572800
35020800
269568
6144
1261568
1843200
176160768
13381632
32112640
479232
20275200
235929600
73728000
645120
68812800
24576000
51609600
1658880
82575360
13631488
57344000
1351680
3244032
4
442368
3840
276480
30720
55296
86016
65536
245760
92160
65536
663552
6912
20480
10240
92160
81920
552960
51200
2322432
1835008
184320
1835008
3072
294912
50176
2752512
1290240
3870720
4608
2097152
40960
30720
645120
322560
131072
55296
327680
3538944
384
24576
2064384
27648
645120
6193152
2560
61440
860160
27648
115200
16384
18432
1769472
61440
2752512
368640
23040
655360
6881280
152064
49152
69120
20480
7168
2
1966080
138240
143360
46080
368640
3584
172032
344064
46080
3145728
1638400
15360
884736
322560
50688
368640
33792
30412800
25231360
688128
81788928
1228800
4915200
2688
122683392
21626880
64880640
184320
88080384
901120
89600
10782720
1490944
7168
2875392
202752
49152000
43008
1966080
10223616
6553600
14376960
81100800
21504
3981312
3727360
1597440
630784
614400
3891200
7864320
13926400
22708224
1376256
4177920
405504
86507520
16588800
35840
9400320
1769472
55296
4
983040
179200
331776
501760
360448
1013760
460800
344064
2488320
768
143360
153600
345600
393216
2211840
327680
8257536
7569408
921600
7864320
336
1179648
243712
11796480
3727360
11182080
31104
8650752
262144
179200
2764800
1536000
720896
663552
1572864
14155776
5760
368640
7372800
3072
2764800
24772608
25600
552960
3686400
414720
819200
172032
2112
5971968
6912
8515584
1843200
2592
3145728
23855104
25920
344064
10368
307200
71680
8
92160
16128
276480
16128
288
221184
15360
1474560
1310720
768
589824
221184
16896
672
1728
22118400
22020096
442368
38338560
460800
3686400
9600
57507840
10485760
31457280
122880
41287680
1013760
92160
8626176
958464
32256
2211840
67584
41287680
24576
1376256
4792320
5242880
11501568
53084160
12288
1769472
2555904
1966080
405504
614400
3112960
3932160
11141120
27525120
884736
4177920
135168
62914560
15482880
2304
10027008
1179648
36864
4
24576
24
24192
110592
16
26880
256
281600
7680
41472
64
32256
245760
18432
5898240
4718592
32
7864320
128000
819200
17280
11796480
2703360
8110080
26880
8847360
122880
512
1769472
80
48384
184320
129024
9175040
2304
96768
960
1126400
2359296
15728640
1152
221184
320
184320
24
76800
716800
1024
2457600
5308416
64
921600
258048
17301504
4193280
19200
2211840
82944
3456
4
61440
5120
21504
73728
288
497664
552960
1792
81920
55296
384
48384
4480
5308416
5308416
147456
10450944
207360
1119744
4032
15676416
2949120
8847360
41472
11943936
276480
24576
1935360
344064
10240
344064
1536
10948608
4096
180224
1741824
2211840
2580480
17915904
2048
368640
917504
172032
122880
147456
1437696
1327104
4866048
5529600
294912
1824768
3072
14745600
6488064
4096
4055040
163840
5120
6
62208
331776
96
69120
1024
788480
23040
110592
384
82944
737280
55296
14745600
11796480
192
22020096
358400
2293760
46080
33030144
6758400
20275200
75264
24772608
344064
2048
4718592
480
124416
442368
331776
23592960
6912
248832
3840
3153920
6291456
39321600
3456
589824
1920
442368
144
215040
2007040
4096
6881280
13271040
384
2580480
663552
43253760
10782720
53760
5898240
221184
9216
6
19968
59136
5184
540672
491520
1728
129024
86016
5760
43008
3840
8515584
7028736
118272
14155776
229376
1376256
312
21233664
4055040
12165120
45056
15335424
245760
24192
2985984
258048
12
425984
23040
13762560
6272
286720
1769472
1966080
3981312
22708224
3136
589824
688128
372736
107520
147456
1179648
1441792
4194304
8785920
236544
1572864
46080
24330240
6266880
4032
3538944
258048
8064
4
270336
20736
1520640
1382400
896
688128
294912
23040
16
2048
33030144
30670848
540672
35389440
537600
5160960
12160
53084160
11796480
35389440
126720
38338560
1228800
110592
11943936
884736
39936
2621440
92160
57802752
28672
1605632
4423680
5529600
11943936
74317824
14336
2359296
2359296
1720320
491520
737280
3317760
4055040
11796480
38338560
1081344
4423680
184320
94371840
17547264
2688
10616832
1376256
43008
6
75264
96
665600
21504
138240
256
86016
589824
49152
14155776
11534336
12
14745600
307200
1966080
39168
22118400
6389760
19169280
69120
16220160
327680
1536
4423680
32
118272
552960
344064
22020096
7680
322560
384
2662400
5898240
37748736
3840
663552
128
614400
80
215040
1638400
384
5734400
12976128
24
2150400
688128
40894464
9676800
53760
5160960
276480
11520
4
516096
540672
1920
110592
64512
400
46080
4608
5406720
5474304
150528
10616832
204800
1105920
3840
15925248
2973696
8921088
43008
11943936
294912
26880
1990656
344064
10368
425984
1600
11059200
5376
245760
1769472
2162688
2654208
18247680
2688
442368
917504
239616
129024
163840
1376256
1376256
4718592
5702400
301056
1769472
3200
14868480
6389760
4480
3981312
221184
6912
16
3594240
215040
1290240
3072
589824
3317760
491520
84934656
77856768
192
70778880
1382400
14155776
365568
106168320
38338560
115015680
373248
77856768
3145728
18432
30965760
288
1081344
4866048
2359296
150994944
76800
2949120
96
14376960
30965760
254803968
38400
3483648
1152
4055040
1280
2064384
8847360
64
30965760
87588864
384
11612160
4718592
245366784
44236800
516096
27095040
2580480
107520
20
225280
276480
576000
589824
2949120
491520
8257536
7741440
1331200
11010048
528
1179648
301056
16515072
4874240
14622720
33696
11796480
294912
211200
2903040
2150400
983040
1105920
2359296
14155776
10368
663552
10321920
80
2903040
24772608
46080
921600
5160960
559872
1228800
202752
64
8626176
192
7741440
2662400
72
4718592
23396352
1008
540672
288
552960
129024
2
36864
24576
2304
2048
8
4423680
3538944
43008
5898240
102400
614400
1200
8847360
2162688
6488064
17920
6635520
92160
7680
1327104
98304
3456
163840
9216
6881280
1536
86016
737280
901120
1769472
11796480
768
196608
262144
122880
36864
51200
573440
573440
1966080
4423680
86016
737280
18432
12976128
3354624
144
1769472
73728
2304
4
110592
147456
1572864
98304
442368
344064
276480
442368
122880
49152
106496
663552
248832
746496
12800
516096
6144
41472
110592
663552
258048
80
589824
655360
512
16
4644864
1105920
147456
1179648
3072
32
1769472
40960
221184
2304
737280
3440640
2457600
516096
552960
921600
1179648
1327104
4257792
86016
2211840
8
8192
8
80640
663552
61440
10616832
9437184
512
20643840
288000
1658880
64512
30965760
6553600
19660800
51840
23592960
307200
1152
3483648
1280
172032
552960
322560
18579456
6144
258048
11520
2304000
4644864
31850496
3072
497664
5120
368640
384
184320
1497600
12288
5068800
9437184
1024
1689600
645120
31457280
6881280
61440
4055040
221184
9216
6
50688
5376
5947392
6082560
172032
11943936
225280
1216512
4096
17915904
3244032
9732096
49152
13271040
344064
32256
2239488
387072
11520
532480
24
12165120
7168
327680
1990656
2359296
2985984
20072448
3584
552960
1032192
319488
150528
196608
1474560
1572864
5111808
6336000
344064
1916928
48
16220160
6881280
5376
4313088
294912
9216
4
4608
70778880
66060288
1179648
76677120
1152000
11059200
25600
115015680
25165824
75497472
276480
82575360
2703360
245760
25878528
1916928
86016
5898240
202752
123863040
65536
3670016
9584640
11796480
25878528
159252480
32768
5308416
5111808
3932160
1081344
1638400
7004160
8847360
25067520
82575360
2359296
9400320
405504
201326592
37158912
6144
22560768
3145728
98304
4
9732096
7864320
98304
13271040
225280
1351680
2560
19906560
4718592
14155776
40960
14745600
215040
18432
2985984
221184
7680
409600
21504
15138816
4096
229376
1658880
1966080
3981312
25952256
2048
491520
589824
327680
86016
122880
1228800
1310720
4259840
9830400
196608
1597440
43008
28311552
7225344
384
3833856
196608
6144
12
399168
28311552
1105920
3870720
82944
5529600
2211840
419328
943488
774144
1216512
570240
4423680
3840
61341696
17031168
1658880
23789568
746496
221184
1032192
276037632
33030144
5120
1741824
884736
1327104
153354240
7077888
25952256
345600
19611648
212336640
70189056
1152
56623104
23396352
47579136
64
79626240
9953280
53477376
884736
2211840
4
23068672
884736
4014080
67584
4669440
1769472
15360
34560
709632
983040
460800
3538944
103680
50331648
14057472
1310720
18247680
512
172032
802816
254803968
30965760
155520
1536
688128
1179648
125829120
6193152
20971520
276480
18579456
194641920
66060288
430080
46137344
22020096
36495360
1161216
80216064
7962624
50331648
688128
1720320
2
29491200
614400
3932160
78336
44236800
12779520
38338560
138240
32440320
655360
3072
8847360
64
236544
1105920
688128
44040192
15360
645120
768
5324800
11796480
75497472
7680
1327104
256
1228800
160
430080
3276800
768
11468800
25952256
4
4300800
1376256
81788928
19353600
107520
10321920
552960
23040
2
4259840
61440
9289728
32
608256
1824768
983040
32
663552
7864320
221184
43253760
28311552
2408448
47775744
1474560
221184
1179648
194641920
44040192
196608
3932160
1105920
1548288
108134400
10616832
35389440
393216
26738688
176947200
94371840
1327104
58982400
35389440
95551488
3244032
150994944
14155776
88473600
884736
3096576
12
614400
143360
6389760
1720320
5160960
17280
4587520
180224
128000
1497600
998400
458752
497664
901120
7372800
4608
294912
3993600
2112
1497600
12902400
20480
345600
2396160
331776
563200
122880
1344
3317760
4608
4515840
1228800
1728
1802240
11010048
14040
245760
6912
245760
57344
8
860160
122880
59904
179712
110592
67584
50688
614400
17280
8519680
2752512
258048
4866048
110592
24576
131072
46006272
4718592
23040
294912
122880
165888
21299200
1327104
3604480
30720
2801664
35389440
10027008
90112
7864320
3342336
9732096
239616
14155776
1474560
8355840
98304
344064
14
13934592
2580480
7741440
30464
9805824
172032
17280
1990656
165888
624
344064
16384
8847360
4992
239616
1161216
1204224
2654208
14745600
2496
458752
442368
319488
73728
107520
688128
974848
2523136
5836800
156672
946176
32768
15482880
3815424
2880
2162688
212992
6656
4
1216512
3649536
1474560
64
995328
11796480
442368
64880640
42467328
3612672
71663616
2949120
331776
1769472
291962880
66060288
393216
5898240
1658880
2322432
162201600
15925248
53084160
589824
40108032
265420800
141557760
2654208
88473600
53084160
143327232
6488064
226492416
21233664
132710400
1327104
4644864
4
16
559104
663552
368640
2703360
142560
27525120
8110080
921600
9732096
27648
124416
580608
123863040
19496960
190080
69120
442368
737280
66060288
5971968
11796480
253440
11468800
92012544
41287680
483840
25559040
15482880
19464192
1204224
52531200
4866048
35389440
497664
1105920
4
1677312
1990656
1105920
8110080
285120
82575360
24330240
2764800
29196288
62208
373248
1741824
371589120
58490880
427680
155520
1327104
2211840
198180864
17915904
35389440
760320
34406400
276037632
123863040
1088640
76677120
46448640
58392576
2709504
157593600
14598144
106168320
1492992
3317760
80
1081344
24576
20160
259200
230400
90112
55296
196608
1327104
480
30720
1105920
134784
259200
2322432
3200
46080
614400
25920
122880
10752
82944
995328
290304
946176
276480
96768
393216
2236416
414720
43008
241920
25600
8960
4
737280
8847360
248832
47185920
30670848
2752512
53084160
1622016
258048
1376256
212336640
47185920
221184
4325376
1290240
1769472
117964800
12386304
39321600
442368
28311552
194641920
100663296
1474560
64880640
37748736
106168320
3538944
160432128
15925248
94371840
1032192
3612672
8
92160
139968
1474560
491520
35840
1376256
811008
3072
16384
10616832
1179648
186624
1520640
15360
30720
3686400
221184
573440
128
737280
7864320
2555904
512000
1310720
851968
2752512
1658880
4128768
221184
2129920
12288
43008
8
1327104
7168
48384
184320
129024
6881280
2304
96768
64512
844800
1769472
11796480
1152
221184
21504
138240
2560
57600
537600
55296
1843200
3538944
6144
614400
258048
12976128
2795520
19200
1474560
82944
3456
4
19464192
5971968
516096
8957952
184320
55296
276480
102187008
11612160
576
460800
248832
387072
48660480
2211840
7962624
82944
7050240
77414400
24883200
5184
17694720
8294400
17915904
13824
33030144
3096576
19906560
221184
663552
8
516096
2580480
1548288
95420416
36864
1548288
960
8601600
19464192
163577856
18432
2322432
32
2211840
384
983040
5222400
1152
18432000
56623104
128
6912000
3096576
176160768
30965760
245760
16588800
1327104
55296
2
851968
46080
27525120
12544
573440
3538944
3932160
7962624
45416448
6272
1179648
1376256
745472
215040
294912
2359296
2883584
8388608
17571840
473088
3145728
92160
48660480
12533760
8064
7077888
516096
16128
20
2129920
2654208
4096
192
17031168
4423680
688128
4423680
20480
480
6881280
229376
921600
14336
2875392
12976128
9732096
1966080
2211840
3649536
4259840
4915200
14598144
360448
8110080
160
49152
4
36495360
28672
1310720
7962624
9437184
11943936
60217344
14336
2211840
4128768
1277952
602112
786432
5898240
6291456
20447232
25344000
1376256
7667712
8
64880640
27525120
21504
17252352
1179648
36864
2
327680
1572864
490733568
56623104
276480
64
1376256
2211840
238551040
12976128
40370176
491520
33619968
377487360
120324096
811008
88080384
40108032
72990720
2156544
150994944
15728640
93585408
1310720
3538944
2
1280
276480
41472
73728
589824
128
4096
98304
2048
12288
1152
27648
204800
92160
258048
30720
34560
57344
663552
190080
3840
92160
1024
384
4
10616832
2654208
368640
2752512
7168
128
4128768
90112
516096
6144
1769472
7864320
5898240
1204224
1290240
2211840
2621440
3096576
9732096
196608
5160960
32
18432
8
41287680
90832896
828112896
138240
12192768
3840
12976128
4608
7077888
25067520
384
88473600
286654464
1536
33177600
15925248
792723456
125829120
1769472
77414400
9289728
387072
4
11612160
99090432
184320
3686400
20643840
2239488
4915200
811008
256
34504704
16
30965760
10649600
288
18874368
93585408
4032
2162688
1152
2211840
516096
4
691200
331776
516096
48660480
2211840
10616832
110592
7050240
77414400
24883200
6912
23592960
8294400
23887872
18432
33030144
4128768
19906560
294912
884736
8
2359296
3981312
408944640
21233664
69206016
921600
58834944
637009920
210567168
1892352
150994944
70189056
120434688
5031936
254803968
26542080
160432128
2359296
5898240
4
24576
49152
10240
6144
7680
122880
102400
409600
860160
15360
153600
28672
2654208
709632
1920
368640
6144
16
8
6193152
327680
1105920
12288
2396160
9289728
8110080
1769472
2654208
3041280
4423680
3932160
12386304
458752
7299072
64
65536
4
5898240
1536
2621440
12533760
3456
44236800
132120576
512
16588800
8257536
440401920
74317824
655360
39813120
3538944
147456
16
983040
82944
1492992
10813440
4976640
6881280
2457600
1658880
2555904
19906560
6690816
270336
3686400
81920
24576
8
368640
3072000
5120
10649600
23592960
320
3993600
1204224
56623104
18063360
92160
9584640
442368
18432
2
516096
5505024
1769472
368640
860160
589824
1572864
1013760
2875392
122880
1474560
4608
21504
8
21233664
576
18579456
6553600
216
11796480
55050240
2880
1376256
864
1474560
344064
4
74317824
204374016
1536
27869184
12582912
613416960
106168320
1376256
65028096
6881280
286720
4
66060288
22937600
672
40894464
198180864
9216
4718592
2688
4915200
1146880
24
51904512
20643840
50688000
4320
75202560
9953280
47185920
1032192
2150400
2
8601600
2752512
163577856
38707200
215040
20643840
1105920
46080
8
15335424
66060288
144
1769472
32
1843200
430080
2
129761280
55050240
43008
34504704
2359296
73728
8
224133120
29196288
150994944
2654208
6635520
24
7667712
384
8515584
1824768
4
4128768
172032
5376
4
4423680
983040
2
16384
6
12
240
960
2880
18432
672
36
64
4608
23040
144
1344
960
5760
2592
720
3200
3072
2016
288
48
336
10368
960
128
13824
640
1200
5760
17280
5376
1920
1152
960
6400
2688
4480
7168
72
6400
41472
61440
5376
576
20160
67584
17920
13440
512
2304
18432
62720
2560
270336
46080
71680
19200
1280
6144
401408
1920
3840
256
2688
61440
576
19200
1280
92160
4608
2304
10752
15360
5760
73728
9216
172032
71680
11520
2304
192
640
30720
5376
1081344
320
1728
6488064
28800
1728
442368
9216
9216
1440
245760
55296
2048
1440
96
16128
20
160
480
3072
56
720
768
512
2880
1344
112
80
960
216
5184
720
256
224
2688
960
4032
1152
8960
1536
2304
5760
240
23328
3840
448
15360
7680
8960
1440
224
21120
896
1440
1440
5184
13824
32256
3840
4032
11264
107520
72576
4608
21504
4608
295680
23040
45056
5120
387072
5120
11520
57344
1892352
17920
26880
3072
224
409600
8640
4320
11520
20736
41472
15360
896
107520
960
12288
768
774144
430080
2592
20736
3840
4608
6912
37632
202752
4800
25920
1216512
5760
144
110592
86016
768
320
40960
6144
256
10368
1152
101376
8
32
512
448
2560
2880
3072
15360
5376
896
640
64
1728
20736
36
2048
1344
10752
3840
12288
6912
32256
5760
256
20736
960
93312
256
3584
55296
30720
32256
5120
1792
76032
5376
5120
72
27648
1728
98304
15360
576
2688
294912
221184
17280
71680
15360
811008
69120
10752
30720
1105920
16000
41472
179200
5406720
64512
96768
11520
1792
1228800
30720
15360
41472
73728
147456
61440
7168
322560
64
2048
6144
2064384
1179648
360
73728
15360
17280
1152
129024
48384
17280
92160
290304
384
1152
368640
286720
6144
1200
184320
36864
1536
41472
4608
337920
4
64
1344
7680
8640
7680
38400
16128
2688
1920
192
4608
62208
144
6144
4032
32256
11520
36864
20736
96768
17280
32
55296
2880
248832
768
10752
138240
92160
96768
15360
5376
202752
16128
15360
288
73728
4608
262144
46080
96
336
786432
589824
46080
215040
46080
2162688
184320
1344
92160
2949120
48000
110592
537600
14417920
193536
258048
34560
5376
3686400
92160
46080
110592
221184
442368
184320
21504
860160
8
256
18432
5505024
3145728
1440
221184
46080
51840
4608
344064
8064
46080
276480
48384
1152
3072
1105920
860160
16384
3600
552960
110592
4608
124416
13824
1013760
16
7680
49152
51840
31680
149760
92160
15360
12288
3072
24576
331776
1728
33792
23040
184320
73728
221184
110592
552960
103680
320
331776
18432
1327104
12288
61440
622080
479232
552960
98304
30720
1032192
92160
98304
3456
393216
34560
1441792
239616
768
112
4325376
3145728
276480
1228800
276480
11010048
1105920
448
479232
15728640
307200
663552
3072000
73400320
1105920
1474560
207360
30720
19169280
589824
294912
663552
995328
2654208
958464
122880
4915200
128
64
101376
27525120
17301504
6912
1327104
294912
276480
19008
1966080
2688
294912
1769472
16128
18432
18432
4976640
4915200
90112
23040
2875392
608256
25344
663552
82944
5160960
6
2016
2048
96
648
3456
12
224
2688
40
12672
2016
32
24
6912
2688
10752
160
23040
4096
6144
15360
672
57024
10752
1152
40960
18432
23040
4032
24
49920
96
4032
4032
960
36864
80640
9216
10368
26624
268800
177408
12288
55296
12288
698880
61440
106496
768
946176
14336
30720
147456
4472832
46080
69120
8192
24
983040
24192
12096
30720
55296
110592
36864
2304
276480
2688
30720
128
1806336
1075200
6336
55296
10752
11264
16128
96768
479232
13440
72576
2875392
16128
384
294912
221184
1920
896
6144
1024
32
25344
3072
239616
4
192
12288
57600
432
4032
2880
15360
7776
2160
8000
9216
5376
864
144
896
27648
2880
384
36864
1920
3200
17280
46080
16128
5760
3456
2880
16000
8064
13440
21504
8
16000
103680
153600
14336
1728
53760
180224
43008
35840
1536
5760
46080
150528
6400
720896
122880
179200
46080
3840
15360
1003520
5760
11520
768
8064
153600
64
48000
3840
230400
512
6912
32256
38400
15360
196608
27648
401408
172032
28800
256
576
1920
76800
16128
2703360
960
192
16220160
76800
5184
1105920
23040
27648
3840
655360
147456
6144
4320
288
40320
8
13824
67584
512
4096
3072
17280
7680
2304
9216
9216
6144
1024
256
80
30720
3072
16
40320
96
3456
18432
48384
16384
288
3584
3072
18432
8192
672
20480
384
18432
122880
172032
1280
1792
55296
184320
5120
3200
64
8192
50176
17920
576
737280
135168
19200
53760
192
20480
107520
6144
576
32
8192
172032
3072
55296
192
258048
18432
7168
32768
3456
17280
207360
27648
51200
20480
30720
9216
1024
1920
79872
960
2949120
1536
9216
17694720
82944
5376
1204224
32768
27648
4032
675840
165888
5760
4608
384
49152
24
216
23040
192
2048
15360
384
82944
9216
480
288
46080
18432
64512
1728
153600
27648
34560
86400
4608
311040
61440
10240
207360
119808
153600
24576
384
268800
1536
24576
18432
6144
124416
394240
59904
57600
96768
1182720
860160
69120
307200
73728
3010560
288000
387072
8064
4300800
81920
172800
819200
20070400
307200
384000
55296
384
5324800
147456
73728
172800
248832
663552
239616
20480
1280000
15360
126720
1920
7526400
4730880
27648
331776
73728
73728
69120
537600
1548288
76800
442368
9289728
92160
2880
1327104
1228800
14080
6144
64512
11520
480
165888
20736
1290240
18
110592
1296
11520
76800
1536
258048
43200
3024
1728
221184
61440
295680
9216
737280
135168
168960
422400
23040
967680
307200
55296
1013760
552960
737280
115200
2592
1228800
10368
115200
86400
30720
570240
1747200
276480
276480
442368
4892160
3763200
225280
1327104
337920
12042240
844800
1769472
41472
18063360
368640
844800
3538944
82575360
1474560
1843200
270336
2592
22118400
691200
345600
844800
1140480
3041280
1105920
110592
3686400
76800
599040
12096
29245440
19568640
120960
1520640
245760
344064
293760
2580480
6635520
256000
2073600
39813120
460800
15840
6082560
5308416
74880
30720
331776
43008
3024
516096
101376
5308416
12
6912
5376
32256
12672
60
17920
15360
10368
24
576
2016
50688
144
1024
73728
5120
6720
480
96768
27648
15360
96
144
35840
13824
23040
36864
864
35840
202752
327680
32256
48
103680
319488
107520
75264
4096
288
98304
322560
20480
1277952
221184
401408
107520
10240
1152
2064384
288
25600
2048
13824
13824
6912
107520
10240
491520
36864
192
55296
102400
32256
368640
46080
860160
430080
56320
18432
2304
80
143360
35840
5111808
3840
20736
30670848
161280
9216
2359296
1152
46080
8064
1179648
276480
10240
120
768
2016
2
448
5376
80
25344
4032
8
48
13824
5376
21504
48
46080
8192
12288
30720
1344
114048
21504
2304
81920
36864
46080
8064
48
99840
192
8064
8064
288
73728
161280
18432
20736
53248
537600
354816
24576
110592
24576
1397760
122880
212992
256
1892352
28672
61440
294912
8945664
92160
138240
16384
4
1966080
48384
24192
61440
110592
221184
73728
4608
552960
5376
61440
32
3612672
2150400
12672
110592
21504
22528
32256
193536
958464
26880
145152
5750784
32256
768
589824
442368
3840
1792
2048
256
64
50688
6144
479232
4
3840
864
20736
2880
1024
896
10752
3840
16128
4608
35840
6144
9216
23040
960
93312
15360
48
61440
30720
35840
5760
896
84480
3584
5760
5760
20736
55296
129024
15360
12096
45056
430080
290304
18432
64512
18432
1182720
92160
180224
20480
1548288
20480
46080
172032
5677056
71680
107520
12288
896
1228800
34560
17280
46080
82944
165888
61440
96
322560
3840
49152
3072
3096576
1720320
10368
82944
11520
18432
27648
150528
811008
19200
103680
3244032
17280
432
442368
258048
2304
1280
163840
24576
1024
41472
3456
405504
8
9216
124416
288
12288
8064
64512
23040
73728
41472
193536
34560
1536
110592
5760
497664
48
21504
276480
184320
145152
30720
10752
405504
32256
30720
576
147456
6912
524288
92160
2592
14336
1572864
1179648
92160
322560
92160
4325376
368640
43008
184320
5898240
96000
221184
806400
28835840
387072
516096
69120
10752
5529600
184320
92160
221184
442368
884736
368640
43008
1720320
384
12288
36864
11010048
6291456
2880
442368
92160
103680
9216
688128
193536
92160
552960
1161216
64
6144
2211840
1290240
32768
5400
1105920
221184
9216
248832
27648
2027520
12
33696
7776
192
160
25344
7776
40320
896
84480
15360
20480
51200
2592
134784
36864
4224
128000
64512
84480
15552
160
153600
640
15552
15552
4032
115200
258048
32256
33792
76800
860160
559104
30720
202752
46080
2150400
153600
307200
4096
2981888
55296
102400
540672
13762560
168960
225280
30720
160
3440640
93312
46656
102400
207360
414720
129024
8448
675840
9216
98304
768
5505024
3440640
22464
207360
31104
39936
55296
315392
1382400
34560
279936
8294400
55296
1280
1105920
811008
6144
3456
32768
4608
192
67392
11520
829440
12
69120
55296
38016
120
2160
9072
179712
720
4608
276480
23040
25920
96
373248
101376
69120
384
720
138240
50688
84480
135168
4320
138240
718848
1228800
129024
192
380160
1105920
430080
290304
13824
1440
368640
1182720
69120
4423680
774144
1548288
414720
46080
5760
7569408
1440
107520
9216
50688
55296
34560
414720
46080
1843200
165888
768
202752
322560
124416
1327104
165888
3096576
1720320
199680
82944
8640
336
491520
150528
17694720
14400
103680
106168320
622080
34560
8847360
5760
165888
31104
4128768
746496
36864
24
3456
7776
8
9216
5376
35840
12800
34560
27648
100352
18432
1152
64512
3200
311040
960
16128
172032
102400
100352
16000
8064
236544
21504
16000
16
103680
384
276480
51200
2304
9072
774144
622080
55296
215040
46080
2128896
193536
36288
122880
2985984
46080
129024
516096
14598144
200704
301056
36864
8064
3440640
96000
48000
129024
172800
460800
204800
32256
903168
288
6912
27648
5308416
3096576
80
230400
51200
55296
256
387072
145152
53760
288000
870912
1536
5184
829440
860160
27648
3840
655360
147456
6144
138240
15360
1013760
4
128
30720
12288
48384
24
102400
18432
27648
69120
3072
248832
49152
5120
184320
79872
102400
18432
128
215040
512
18432
18432
144
165888
354816
39936
46080
114688
1182720
774144
55296
245760
55296
3010560
276480
458752
128
4128768
65536
138240
655360
19267584
204800
307200
36864
16
4259840
110592
55296
138240
248832
497664
159744
10240
1228800
12288
135168
16
7741440
4730880
27648
248832
49152
49152
69120
430080
2064384
61440
331776
12386304
73728
1728
1327104
983040
8448
4096
1024
128
160
110592
13824
1032192
4
20736
8064
28672
480
69120
12288
18432
46080
2016
171072
32256
4608
122880
55296
69120
10752
96
149760
384
10752
10752
2560
98304
215040
27648
31104
79872
645120
473088
36864
138240
32768
1677312
153600
319488
2304
2365440
35840
92160
368640
11182080
138240
207360
24576
96
2457600
64512
32256
92160
147456
294912
110592
9216
691200
8064
92160
512
4214784
2580480
16896
147456
32256
33792
43008
290304
1277952
40320
193536
7667712
48384
1536
786432
552960
7680
2688
18432
3072
128
76032
9216
599040
2
1152
4032
101376
12
2048
147456
10240
13440
960
193536
55296
30720
192
288
71680
27648
46080
73728
1728
71680
405504
655360
64512
96
207360
638976
215040
150528
8192
24
196608
645120
40960
2555904
442368
802816
215040
20480
96
4128768
24
51200
4096
27648
2304
13824
215040
20480
983040
73728
384
110592
204800
64512
737280
92160
1720320
860160
112640
36864
4608
160
286720
71680
10223616
7680
41472
61341696
322560
18432
4718592
96
92160
16128
2359296
552960
20480
240
1536
4032
4
1344
41472
3840
512
55296
2560
4800
17280
69120
21504
7680
4608
3840
25600
10752
17920
28672
288
25600
165888
245760
21504
2304
80640
270336
71680
53760
1536
9216
73728
250880
7680
1081344
184320
286720
76800
5120
24576
1605632
7680
15360
1024
10752
245760
2304
76800
5120
368640
18432
9216
43008
46080
23040
294912
36864
688128
286720
46080
9216
16
2560
122880
21504
4325376
48
6912
25952256
115200
6912
1769472
36864
36864
5760
983040
165888
8192
4320
384
64512
16
143360
10368
160
172032
768
13824
72576
184320
86016
2304
14112
10368
69120
43008
5376
98304
1792
69120
537600
645120
6144
7056
221184
786432
20480
15360
640
26880
179200
71680
3072
3145728
630784
81920
184320
1536
61440
458752
20736
4608
320
43008
483840
14336
207360
1536
967680
86016
28224
172032
18432
73728
884736
145152
196608
81920
115200
43008
5376
6912
299520
6144
11796480
6912
43008
70778880
331776
28224
4300800
107520
145152
15360
2883584
774144
27648
18144
2016
161280
8
337920
61440
92160
230400
10368
808704
165888
22528
614400
258048
337920
55296
640
691200
2560
55296
55296
48
491520
1032192
129024
152064
368640
3096576
2236416
184320
675840
163840
7741440
768000
1474560
48
11182080
184320
460800
1802240
51609600
675840
1013760
122880
96
11468800
331776
165888
460800
737280
1474560
516096
45056
3379200
41472
442368
96
19267584
12386304
79872
737280
165888
159744
196608
1419264
5898240
207360
995328
35389440
248832
7680
3932160
2703360
36864
13824
384
576
768
359424
46080
2764800
6
6144
442368
28672
37632
5760
516096
184320
86016
1152
960
200704
92160
129024
221184
5760
200704
1351680
1835008
165888
576
580608
1916928
552960
387072
24576
144
524288
1658880
114688
7667712
1474560
2064384
573440
57344
384
10616832
12
143360
12288
92160
7680
46080
602112
57344
2752512
245760
2304
368640
573440
193536
2211840
307200
4423680
2211840
315392
122880
15360
640
802816
184320
30670848
21504
138240
184025088
903168
61440
12582912
576
307200
43008
7077888
1843200
61440
1440
5120
24192
2
80640
16
6912
36864
96768
32768
48
7168
6144
36864
16384
192
40960
768
36864
245760
344064
384
3584
110592
368640
1536
1024
128
16384
100352
6144
1152
1474560
270336
6144
107520
32
40960
36864
12288
128
4
16384
344064
6144
110592
32
516096
36864
14336
65536
6912
34560
414720
55296
17920
6144
61440
18432
2048
3840
159744
256
5898240
3072
18432
35389440
165888
10752
2408448
65536
55296
8064
1351680
331776
11520
9216
768
98304
8
258048
13824
1105920
6144
36864
645120
405504
442368
73728
24576
884736
73728
73728
2304
327680
27648
1179648
202752
512
1536
3538944
2621440
215040
983040
215040
9437184
860160
6144
405504
13107200
230400
516096
2457600
62914560
884736
1179648
161280
24576
16220160
331776
221184
516096
1032192
1548288
811008
73728
3932160
64
1280
82944
23855104
14155776
6912
774144
221184
230400
20736
1572864
36864
221184
995328
221184
9216
14336
5160960
3932160
73728
17280
2433024
497664
20736
552960
64512
4423680
8
24192
138240
294912
122880
24
35840
28672
129024
61440
96
147456
3840
129024
819200
1003520
192
17920
344064
1105920
768
512
576
81920
344064
3072
4608
4423680
1013760
3072
368640
16
196608
18432
57344
64
32
61440
1605632
30720
387072
16
1806336
184320
71680
245760
27648
110592
1327104
207360
8960
3072
215040
92160
10240
18432
559104
128
17694720
10752
92160
106168320
516096
35840
8257536
327680
184320
27648
4866048
1244160
41472
46080
3840
491520
12
116640
17280
5376
64512
38400
37632
72
2688
88704
7168
6400
6400
41472
61440
110592
19200
20160
67584
331776
248832
20736
89600
384
912384
80640
270336
46080
1244160
256
48384
215040
6082560
75264
112896
13824
2688
1433600
38400
216
48384
1728
184320
76800
10752
376320
5760
73728
9216
2322432
1327104
11520
92160
19200
20736
30720
145152
1081344
20160
115200
6488064
28800
1728
9216
358400
9216
1440
245760
55296
2048
51840
5760
422400
8
1492992
456192
368640
3072
5760
622080
228096
506880
608256
34560
622080
2875392
4608000
774144
1536
1520640
4147200
2580480
1741824
62208
11520
1658880
7096320
311040
16588800
3483648
9289728
1866240
276480
46080
45416448
11520
645120
73728
228096
442368
207360
1866240
276480
8294400
995328
6144
912384
1451520
497664
5308416
663552
18579456
7741440
898560
497664
69120
2688
2211840
903168
66355200
86400
622080
398131200
2488320
138240
39813120
46080
663552
139968
18579456
2985984
165888
192
27648
62208
6
86016
737280
552960
387072
92160
43008
1081344
107520
92160
1920
589824
23040
1310720
276480
8640
57344
3932160
2949120
258048
967680
258048
10813440
983040
172032
737280
14745600
268800
589824
2257920
72089600
1032192
1376256
193536
43008
14745600
552960
276480
589824
1327104
2654208
1105920
172032
4587520
1536
49152
147456
27525120
15728640
9600
1327104
276480
290304
30720
1720320
774144
245760
1658880
4644864
256
24576
6193152
3870720
131072
15120
3686400
884736
30720
746496
82944
6082560
12
327680
147456
184320
32256
4608
399360
18432
32256
32256
101376
294912
645120
73728
62208
212992
2150400
1419264
98304
331776
98304
5591040
491520
851968
98304
7569408
114688
245760
884736
26836992
368640
552960
65536
4608
5898240
145152
96768
245760
442368
663552
294912
24
1658880
21504
245760
15360
14450688
8601600
50688
331776
64512
90112
129024
774144
3833856
107520
435456
15335424
96768
2304
2359296
1327104
11520
7168
786432
122880
5120
202752
18432
1916928
4
107520
86016
344064
163840
288
393216
11520
344064
2048000
2408448
576
53760
860160
1990656
2304
1536
1536
245760
917504
9216
12288
7962624
2703360
9216
983040
48
589824
55296
172032
192
96
163840
4816896
92160
1032192
48
4816896
552960
215040
655360
73728
276480
2488320
552960
26880
9216
573440
276480
30720
55296
1490944
384
28311552
28672
276480
169869312
1290240
89600
22020096
983040
460800
73728
12976128
3317760
110592
138240
11520
1474560
16
1152
204800
55296
122880
147456
6912
204800
1032192
1351680
193536
288
552960
1572864
645120
430080
28672
2304
540672
1720320
143360
6291456
1105920
2293760
614400
71680
9216
11010048
2304
163840
14336
73728
62208
41472
614400
71680
2703360
193536
32
294912
655360
184320
1916928
239616
4472832
2580480
286720
96768
18432
512
696320
172032
18874368
30720
110592
113246208
921600
50688
9732096
9216
179712
46080
4423680
1437696
53248
768
5376
360
12
200704
92160
129024
221184
5760
200704
1351680
1376256
165888
576
435456
1916928
552960
387072
24576
3456
524288
1658880
114688
5750784
1474560
2064384
573440
57344
9216
10616832
1920
143360
12288
92160
92160
46080
602112
57344
2752512
245760
2304
368640
573440
193536
2211840
307200
4423680
2211840
315392
122880
15360
640
802816
184320
23003136
21504
138240
138018816
677376
61440
12582912
13824
307200
32256
7077888
1843200
61440
1440
5120
24192
8
16128
473088
43008
32000
32000
207360
307200
552960
102400
107520
270336
1548288
1244160
110592
430080
64
4257792
387072
1081344
184320
5971968
48
258048
1032192
29196288
401408
602112
73728
16128
6881280
192000
24
258048
192
691200
409600
64512
1806336
30720
393216
55296
10616832
6193152
57600
460800
102400
110592
153600
774144
4055040
107520
576000
24330240
153600
10368
1536
1290240
55296
7680
983040
294912
12288
276480
30720
2027520
4
199680
16
16128
16128
3840
147456
322560
36864
41472
106496
1075200
709632
49152
221184
49152
2795520
245760
425984
3072
3784704
57344
122880
589824
17891328
184320
276480
32768
96
2949120
96768
48384
122880
221184
442368
110592
9216
1105920
10752
122880
512
7225344
4300800
25344
221184
43008
45056
64512
387072
1437696
53760
290304
8626176
64512
1536
1179648
884736
7680
3584
24576
4096
128
101376
12288
638976
12
479232
26880
473088
2457600
3440640
1024
61440
1118208
3133440
4096
2304
4032
368640
1179648
11264
32256
12533760
2949120
13824
1351680
192
884736
67584
258048
448
384
199680
5505024
215040
1419264
192
6193152
983040
245760
798720
147456
405504
4128768
645120
30720
16384
645120
491520
71680
67584
1548288
896
50135040
75264
645120
300810240
1892352
122880
28311552
1474560
573440
101376
14155776
3870720
129024
168960
20480
1597440
4
43008
43008
15360
393216
737280
98304
110592
319488
2457600
1622016
122880
589824
122880
6389760
589824
1277952
12288
8650752
143360
294912
1474560
40894464
442368
663552
81920
384
7077888
258048
129024
294912
589824
1179648
294912
36864
2654208
32256
368640
2048
16515072
9830400
67584
589824
114688
112640
172032
884736
4313088
129024
774144
25878528
172032
6144
2949120
2359296
30720
8960
73728
16384
384
270336
32768
1703936
2
32000
207360
307200
28672
3456
107520
360448
86016
71680
3072
11520
92160
301056
12800
1441792
245760
358400
92160
7680
30720
2007040
11520
23040
1536
16128
307200
16
96000
7680
460800
128
13824
64512
76800
30720
393216
55296
802816
344064
57600
64
1152
3840
153600
32256
5406720
1920
48
32440320
153600
10368
2211840
46080
55296
7680
1310720
294912
12288
8640
576
80640
2
207360
48
552960
102400
4608
18144
1548288
1244160
110592
430080
92160
4257792
387072
72576
245760
5971968
92160
258048
1032192
29196288
401408
602112
73728
16128
6881280
192000
96000
258048
345600
921600
409600
64512
1806336
576
13824
55296
10616832
6193152
160
460800
102400
110592
512
774144
290304
107520
576000
1741824
3072
10368
1658880
1720320
55296
7680
1310720
294912
12288
276480
30720
2027520
8
1536000
3440640
516096
540672
1228800
9633792
7454720
655360
2433024
614400
24084480
2457600
4915200
288
35782656
663552
1638400
6488064
165150720
2703360
3604480
491520
576
41287680
1244160
622080
1638400
2764800
5529600
2064384
202752
10813440
147456
1179648
576
58720256
38535168
299520
2764800
663552
638976
737280
5046272
18432000
737280
3732480
110592000
884736
30720
14745600
9732096
147456
55296
2304
3072
4608
1437696
184320
9953280
24
4147200
901120
36864
138240
11612160
9216000
860160
3932160
860160
30965760
3010560
414720
2162688
44236800
884736
2007040
9437184
212336640
3670016
4587520
688128
147456
60555264
1382400
921600
2007040
3225600
6451200
2703360
589824
13762560
9216
138240
497664
76677120
46448640
2304
3225600
983040
983040
6912
4423680
1658880
860160
3686400
9953280
36864
80640
11612160
15728640
311040
55296
8650752
2654208
110592
2457600
286720
13271040
36
96768
1474560
4587520
144
96
7680
430080
1382400
576
36864
18350080
4472832
576
1474560
384
983040
3456
331776
1024
768
322560
6635520
229376
1658880
384
7464960
1146880
387072
1290240
184320
524288
5767168
1064448
1680
576
829440
573440
86016
98304
2073600
1536
68812800
82944
688128
412876800
2359296
193536
33177600
1720320
946176
122880
20447232
5677056
202752
258048
26880
2150400
8
276480
786432
322560
215040
14336
1152
270336
860160
71680
3145728
552960
1146880
307200
35840
4608
5505024
1152
81920
7168
36864
41472
27648
307200
35840
1351680
129024
576
147456
327680
92160
958464
119808
2236416
1290240
143360
64512
9216
256
348160
114688
12582912
15360
82944
75497472
460800
25344
6488064
4608
119808
23040
2949120
718848
26624
384
2688
5760
24
3456
4423680
3244032
294912
1036800
294912
11501568
1146880
10368
663552
16220160
322560
688128
2488320
57507840
1161216
1548288
221184
41472
15482880
645120
322560
688128
1474560
2949120
1105920
124416
3870720
192
3072
138240
28901376
17694720
10752
1474560
241920
304128
30720
1990656
62208
301056
1935360
248832
10368
18432
7077888
4147200
92160
18144
3538944
829440
30720
760320
69120
5990400
16
13762560
9830400
921600
4259840
737280
33423360
3686400
64
1572864
49152000
844800
2211840
10649600
222822400
3833856
4792320
737280
106496
62914560
2162688
811008
2211840
2654208
9437184
3145728
425984
15974400
672
448
344064
82575360
55050240
28512
4718592
1081344
921600
72576
6389760
512
1013760
6488064
3072
86016
61440
13271040
17039360
286720
84480
9437184
2064384
86016
2211840
294912
16711680
6
384
30720
1204224
3870720
48
110592
55050240
13418496
1920
3932160
1536
2752512
11520
1105920
4096
3072
1075200
18579456
688128
4644864
1536
20901888
2580480
1290240
4300800
552960
1572864
17301504
3548160
160
24
2322432
1720320
286720
327680
5806080
6144
192675840
276480
2064384
156055033
7077888
645120
92897280
4816896
3153920
368640
61341696
17031168
675840
860160
89600
6021120
4
19200
1003520
3072000
1344
92160
39321600
9633792
32
3317760
1024
2293760
256
774144
2560
2048
709632
14745600
573440
3732480
1024
16588800
2752512
860160
2838528
442368
1179648
12582912
2322432
3840
1536
1797120
1376256
215040
221184
4423680
3840
147456000
207360
1720320
884736000
5308416
430080
73728000
4014080
2064384
276480
44040192
12386304
442368
580608
64512
4730880
8
65536
301056
107520
96
3686400
811008
115200
322560
1152
163840
645120
49152
3456
256
49152
1376256
24576
331776
1152
1548288
147456
57344
196608
768
92160
1105920
165888
307200
92160
184320
73728
6144
15360
479232
5760
14745600
6912
73728
88473600
442368
28672
7225344
262144
147456
24192
4055040
746496
34560
27648
3072
393216
12
1179648
3612672
245760
17039360
2949120
4816896
1204224
163840
48
18579456
288
409600
32768
221184
1152
92160
1290240
163840
5898240
491520
4608
663552
921600
430080
4915200
737280
9175040
4816896
675840
245760
27648
1920
1720320
573440
61341696
61440
276480
245366784
1209600
110592
28311552
48
552960
107520
15728640
3686400
163840
2880
9216
26880
8
10321920
1032192
2949120
540672
14745600
288
688128
2752512
70778880
1048576
1572864
200704
49152
17301504
552960
192
688128
1152
1935360
1081344
196608
4718592
92160
1105920
165888
25559040
15482880
153600
1290240
294912
286720
399360
1966080
11059200
294912
1658880
66355200
442368
32256
6912
3538944
165888
21504
2703360
884736
34560
737280
86016
5308416
8
387072
133693440
33030144
6720
10813440
6144
8257536
34560
3317760
14336
12288
2795520
49545216
2408448
12773376
6144
55738368
8257536
3440640
11182080
1769472
4325376
44040192
9031680
40
192
5806080
5505024
1003520
901120
13934592
21504
467927040
967680
7225344
807562226
19464192
1720320
247726080
14450688
8028160
1013760
150994944
43352064
1720320
2365440
286720
15654912
12
14745600
3379200
460800
1032192
9216
589824
2580480
229376
27648
2304
245760
4816896
102400
1161216
9216
5419008
614400
286720
983040
96
368640
4423680
829440
1032192
331776
645120
307200
30720
73728
1677312
41472
53084160
32256
307200
318504960
1720320
143360
24772608
983040
737280
92160
16220160
3110400
165888
138240
15360
1474560
4
6291456
196608000
3379200
8847360
42598400
891289600
15335424
19169280
2949120
425984
251658240
8650752
3244032
8847360
10616832
37748736
12582912
1703936
63897600
2688
1792
1376256
330301440
220200960
114048
18874368
4325376
3686400
290304
25559040
32
4055040
25952256
192
258048
245760
53084160
68157440
1146880
253440
37748736
8257536
344064
8847360
1179648
66846720
8
48168960
614400
2027520
7864320
220200960
2949120
4423680
540672
512
49152000
1474560
491520
2027520
2162688
4866048
2211840
196608
14745600
184320
1916928
512
81887232
40255488
344064
3244032
737280
688128
835584
6193152
25165824
921600
4423680
150994944
1105920
33792
11534336
8847360
159744
61440
64
3072
3584
1548288
202752
11796480
8
15482880
6144
11010048
96
4128768
15360
12288
3784704
70778880
2867200
17915904
6144
79626240
13762560
4587520
15138816
2211840
5898240
62914560
12386304
18432
7680
8626176
6881280
1146880
1179648
21233664
23040
707788800
1105920
8601600
246732772
26542080
2293760
353894400
19267584
11010048
1382400
220200960
61931520
2359296
3096576
344064
17031168
8
737280
2809856
75694080
1146880
1720320
215040
57344
18350080
552960
144
737280
1152
1990656
1228800
229376
4816896
96000
1228800
196608
26542080
15728640
165888
1327104
307200
322560
442368
2150400
12165120
307200
1658880
72990720
460800
36864
6912
3612672
196608
22400
3072000
983040
40960
829440
92160
5677056
2
393216
36864
114688
128
64
122880
3211264
61440
774144
32
3612672
368640
143360
491520
55296
221184
2654208
414720
17920
6144
430080
184320
20480
36864
1118208
256
35389440
21504
184320
212336640
1032192
71680
16515072
655360
368640
55296
9732096
2488320
82944
92160
7680
983040
4
42467328
768
983040
81920
589824
96
245760
3096576
393216
14155776
1310720
18432
1769472
2211840
1075200
12288000
1966080
20971520
11010048
1622016
655360
73728
5760
4128768
1310720
153354240
147456
737280
613416960
2903040
294912
66060288
192
1474560
250880
39321600
9830400
409600
11520
24576
107520
12
21233664
86016
73728
17891328
254803968
16056320
87588864
36864
382205952
73400320
22020096
53673984
8847360
28835840
293601280
57802752
92160
46080
39813120
36700160
4816896
5767168
95551488
129024
208642539
6193152
48168960
834570156
97320960
8257536
698693113
74317824
38535168
6758400
6632953
289013760
11010048
15138816
1376256
80510976
2
286720
24576
184320
15360
92160
1204224
114688
5505024
491520
4608
737280
1146880
387072
4423680
614400
8847360
4423680
630784
245760
30720
1280
1605632
368640
61341696
43008
276480
368050176
1806336
122880
25165824
1152
614400
86016
14155776
3686400
122880
2880
10240
48384
8
256
276480
7340032
184320
1806336
128
8257536
983040
327680
1105920
147456
516096
5898240
921600
40960
16384
946176
491520
61440
86016
2408448
768
76677120
64512
552960
460062720
2408448
163840
37748736
1638400
819200
129024
21233664
5529600
184320
215040
20480
2211840
2
32768
688128
12288
221184
64
1032192
73728
28672
131072
13824
69120
829440
110592
35840
12288
122880
36864
4096
7680
319488
512
11796480
6144
36864
70778880
331776
21504
4816896
131072
110592
16128
2703360
663552
23040
18432
1536
196608
2
3932160
96768
48384
122880
221184
442368
147456
9216
1105920
10752
122880
64
7225344
4300800
25344
221184
43008
45056
64512
387072
1916928
53760
290304
11501568
64512
1536
1179648
884736
7680
3584
4096
512
128
101376
12288
958464
32
2457600
20643840
3211264
90832896
11468800
124416
11796480
16515072
7372800
76677120
12779520
122683392
74317824
9633792
5734400
737280
49152
23396352
9437184
679477248
1376256
7372800
717908978
19353600
2027520
415236096
4608
9584640
1638400
235929600
63897600
2555904
110592
215040
614400
8
576000
61440
2764800
64
82944
290304
614400
184320
2359296
294912
6422528
2752512
345600
32
9216
30720
921600
193536
32440320
15360
24
194641920
921600
62208
9953280
368640
248832
46080
5898240
1572864
73728
69120
4608
483840
4
774144
32
1843200
1228800
193536
5419008
92160
1179648
165888
31850496
18579456
172800
1382400
307200
331776
460800
2322432
12165120
322560
1728000
72990720
460800
31104
256
3440640
165888
23040
2621440
884736
36864
829440
92160
6082560
2
3612672
368640
143360
491520
55296
221184
2654208
414720
17920
6144
430080
184320
20480
36864
1118208
256
35389440
21504
184320
212336640
1032192
71680
16515072
655360
368640
55296
9732096
2488320
82944
92160
7680
983040
8
8601600
5406720
884736
24772608
442368
3981312
746496
103514112
83607552
576000
6451200
1474560
1474560
1497600
10616832
39813120
1548288
8294400
238878720
2211840
145152
64
15728640
746496
110592
11534336
3981312
165888
3686400
430080
26542080
8
387072
1327104
3276800
884736
10616832
1327104
21676032
10321920
1536000
192
73728
147456
3993600
1032192
141557760
122880
192
849346560
4423680
290304
30965760
1474560
1119744
221184
19464192
7077888
331776
331776
27648
2211840
2
589824
1310720
368640
3833856
479232
8945664
5160960
573440
193536
36864
1024
1392640
344064
37748736
61440
221184
226492416
1843200
101376
19464192
18432
359424
92160
8847360
2875392
106496
1536
10752
48
2
3317760
43008
491520
30720
28901376
17203200
101376
663552
129024
180224
258048
1548288
7667712
215040
870912
30670848
193536
4608
4718592
2654208
23040
14336
1572864
245760
10240
405504
36864
3833856
8
1720320
19660800
3686400
4644864
1658880
2838528
1638400
138240
344064
7225344
221184
230031360
193536
1843200
920125440
6021120
491520
113246208
3686400
2457600
430080
70778880
13824000
737280
645120
61440
6635520
2
512
36864
11010048
6291456
2880
442368
92160
103680
9216
688128
16128
92160
552960
96768
2304
6144
2211840
1720320
32768
7200
1105920
221184
9216
248832
27648
2027520
4
405504
110100480
69206016
27648
5308416
1179648
1105920
76032
7864320
10752
1179648
7077888
64512
73728
73728
19906560
19660800
360448
92160
11501568
2433024
101376
2654208
331776
20643840
4
23224320
14192640
82944
663552
147456
147456
207360
1290240
6193152
184320
884736
37158912
221184
5184
3981312
2949120
25344
12288
4096
32
640
331776
41472
3096576
8
640
14155776
14450688
2752512
2359296
33619968
61440
132462073
2654208
19267584
794772438
49545216
4472832
460062720
36700160
20643840
2580480
374341632
108380160
4423680
6193152
774144
38535168
4
9289728
6881280
1146880
1310720
23224320
24576
770703360
1105920
8257536
624220132
28311552
2580480
371589120
19267584
12615680
1474560
184025088
68124672
2703360
3440640
358400
24084480
10
768000
184320
159744
32
1216512
456192
193536
1036800
2737152
15360
17280
2764800
2703360
82944
13824
1835008
442368
18432
399360
51200
2764800
4
36864
73728
1996800
516096
70778880
61440
96
424673280
2211840
145152
23224320
983040
559872
110592
12976128
3538944
165888
165888
13824
1105920
4
10240
491520
86016
17301504
192
27648
69206016
345600
20736
7077888
110592
110592
23040
3932160
663552
32768
17280
1152
258048
12
393216
114688
14745600
15360
92160
88473600
497664
30720
6881280
7680
147456
24192
3440640
884736
30720
672
3072
10368
8
3096576
1161216
516096
2764800
6967296
49152
44928
7188480
6881280
207360
36864
4456448
1105920
46080
983040
133120
6635520
24
102236160
82944
516096
613416960
3096576
229376
35389440
2293760
860160
161280
21233664
7741440
245760
301056
28672
2322432
8
16220160
97320960
48
1161216
1105920
199065600
245366784
5160960
1013760
150994944
33030144
1548288
35389440
4718592
160432128
12
46080
97320960
430080
30720
7077888
245760
163840
23040
4423680
829440
36864
28800
2560
430080
4
583925760
2764800
186624
26542080
1105920
663552
138240
15728640
4718592
221184
207360
13824
1290240
6
4644864
4423680
194393593
981467136
20643840
6082560
905969664
148635648
9289728
212336640
18874368
962592768
8
27648
10616832
4838400
147456
25920
5898240
1327104
49152
1244160
103680
10137600
16
774144
442368
128
2304
270336
41472
1728
69120
6048
663552
8
75497472
2985984
516096
43253760
21233664
829440
17694720
2064384
95551488
4
2211840
430080
47185920
14745600
655360
11520
36864
107520
12
12288
958464
202752
8448
331776
31104
2322432
16
307200
73728
2560
62208
6912
506880
8
24576
21504
8257536
1081344
47185920
8
5120
1492992
248832
15482880
8
73728
9216
688128
2
6912
15552
8
73728
24
